"Sens Factor =-19.727dB, SERNO: 2080178"
4.6758 -3.8647 38.85
5.099 -3.3262 38.84
5.5605 -2.6809 38.81
6.0638 -2.0717 38.39
6.6126 -1.6546 34.98
7.2111 -1.4063 31.54
7.8637 -1.2261 31.25
8.5755 -0.9999 31.14
9.3516 -0.6506 30.31
10.198 -0.2233 28.42
11.121 0.179 27.18
12.1275 0.5025 25.18
13.2252 0.7292 21.86
14.4221 0.8584 20.29
15.7274 0.9293 17.73
17.1509 0.9924 16.75
18.7032 1.0716 15.1
20.396 1.1939 14.64
22.242 1.3696 13.02
24.255 1.568 11.62
26.4503 1.741 9.72
28.8443 1.8296 6.97
31.4549 1.7998 4.27
34.3018 1.6668 1.88
37.4064 1.4705 0.13
40.7919 1.2516 -1.05
44.4839 1.0352 -1.93
48.5101 0.8278 -2.61
52.9006 0.6334 -2.62
57.6885 0.4538 -2.76
62.9098 0.285 -2.57
68.6036 0.1341 -2
74.8128 0.0282 -1.22
81.5839 -0.0202 -0.18
88.9679 -0.0263 0.53
97.0201 0.0059 1.38
105.8012 0.0728 1.99
115.377 0.1589 2.31
125.8196 0.2478 2.59
137.2072 0.3366 2.6
149.6255 0.4208 2.52
163.1678 0.4899 2.26
177.9357 0.5489 2.06
194.0403 0.6151 1.82
211.6024 0.6829 1.42
230.7541 0.7314 0.86
251.6391 0.751 0.27
274.4144 0.7505 -0.27
299.251 0.7433 -0.73
326.3356 0.7326 -1.22
355.8714 0.7126 -1.7
388.0806 0.678 -2.14
423.2049 0.6372 -2.49
461.5082 0.6025 -2.78
503.2782 0.5732 -3.08
548.8288 0.5397 -3.47
598.5021 0.4904 -3.89
652.6711 0.4212 -4.26
711.7429 0.3424 -4.52
776.1611 0.2621 -4.69
846.4097 0.1852 -4.8
923.0163 0.1008 -4.9
1006.5565 0 -4.85
1097.6576 -0.0899 -4.52
1197.0041 -0.1368 -4.03
1305.3422 -0.1376 -3.71
1423.4858 -0.1168 -3.56
1552.3223 -0.1026 -3.71
1692.8194 -0.1221 -4.06
1846.0327 -0.2044 -4.46
2013.1129 -0.3524 -4.51
2195.3152 -0.5171 -3.78
2394.0082 -0.6013 -2.33
2610.6845 -0.5213 -0.7
2846.9716 -0.2915 0.39
3104.6445 -0.0568 0.45
3385.6389 0.1004 0.26
3692.0654 0.2636 0.25
4026.2258 0.4956 0.2
4390.6304 0.7911 -0.25
4788.0164 1.1343 -1.36
5221.3689 1.4813 -3.39
5693.9432 1.7491 -6.26
6209.2891 1.9011 -9.54
6771.2777 1.9566 -12.76
7384.1307 1.9773 -15.89
8052.4517 1.9912 -19.18
8781.2608 1.9831 -22.85
9576.0328 1.8538 -27.05
10442.738 1.6031 -31.02
11387.886 1.2891 -34.51
12418.578 0.9574 -37.53
13542.555 0.6545 -40.21
14768.261 0.4063 -42.82
16104.903 0.2138 -45.69
17562.522 0.0543 -49
19152.066 -0.0809 -52.95
